V_0	V_1	V_2	
0.000837046	-0.00374586	-0.00101143	
0.000912114	-0.00367517	-0.0010194	
0.000832231	-0.00376691	-0.00101387	
0.000909796	-0.00372	-0.0010188	
0.000872411	-0.00373617	-0.00100923	
0.000840969	-0.00372595	-0.0010166	
0.000890717	-0.00377744	-0.00104614	
0.000890955	-0.00379545	-0.00100097	
0.00087461	-0.00372826	-0.000946242	
0.0008777	-0.00375615	-0.0010254	
0.000927627	-0.00369354	-0.00103354	
0.000893927	-0.00376418	-0.00109629	
0.0008925	-0.00375597	-0.00102623	
0.000942486	-0.00375223	-0.00107668	
0.000835619	-0.00375496	-0.00100204	
0.000893867	-0.00378326	-0.00101274	
0.000875264	-0.00376679	-0.00105666	
0.000899157	-0.0037373	-0.00110836	
0.000875085	-0.00371661	-0.00110194	
0.000860107	-0.00380425	-0.00100585	
0.000869439	-0.00375472	-0.00108809	
0.000840969	-0.00376525	-0.00105238	
0.000881029	-0.00376614	-0.00105517	
0.00093048	-0.00371292	-0.00103229	
0.000901772	-0.00377648	-0.0011121	
0.000934462	-0.00375246	-0.0010815	
0.000849171	-0.00376727	-0.000990455	
0.000957345	-0.00378689	-0.000979105	
0.000889707	-0.00377214	-0.00104643	
0.00086088	-0.00373332	-0.0010153	
0.000844297	-0.00373974	-0.00101494	
0.000878235	-0.00367475	-0.00106943	
0.000833896	-0.00373207	-0.00104233	
0.00092626	-0.00372268	-0.00104923	
0.000831875	-0.00381281	-0.000991049	
0.000891906	-0.00374372	-0.000920927	
0.000874134	-0.0037241	-0.00102047	
0.00086088	-0.00371857	-0.0010557	
0.000923645	-0.00373813	-0.000998894	
0.000887151	-0.0037159	-0.00105208	
0.000829378	-0.00373356	-0.00108173	
0.000878235	-0.00372321	-0.000958543	
0.000870449	-0.00367648	-0.00102956	
0.000886794	-0.00374307	-0.00109647	
0.000857551	-0.00373284	-0.00103699	
0.000911342	-0.00377363	-0.00100977	
0.000844654	-0.00376388	-0.00106925	
0.000982784	-0.00373576	-0.00105256	
0.000881029	-0.00375086	-0.00100466	
0.000819928	-0.00376881	-0.00103651	
0.000875977	-0.00378094	-0.00108251	
0.000887329	-0.00369675	-0.00100151	
0.000847388	-0.00371958	-0.00101708	
0.000824148	-0.00378368	-0.00105333	
0.000862663	-0.0037505	-0.00109148	
0.000866645	-0.00377958	-0.00105178	
0.000846318	-0.0037244	-0.00100424	
0.000859572	-0.00372505	-0.000986058	
0.000826407	-0.00376049	-0.00102688	
0.000830389	-0.00372333	-0.00110479	
0.000936127	-0.00379533	-0.00103823	
0.00089458	-0.0036801	-0.00102409	
0.000879246	-0.00372749	-0.00104703	
0.000835916	-0.00375466	-0.00105731	
0.000885427	-0.00377589	-0.00106117	
0.000857016	-0.00373837	-0.000992357	
0.000858265	-0.00376156	-0.00102433	
0.000847566	-0.00376519	-0.00108869	
0.000830924	-0.00367416	-0.00101619	
0.000910807	-0.00375538	-0.00104435	
0.000894283	-0.00378332	-0.00105006	
0.000873243	-0.00367731	-0.00106058	
0.000789318	-0.003726	-0.00103443	
0.000840315	-0.00374462	-0.00109291	
0.000911342	-0.00372559	-0.0010314	
0.000837997	-0.00374182	-0.00099408	
0.00085036	-0.00376216	-0.00102795	
0.000820166	-0.00378665	-0.00103598	
0.000849468	-0.00375674	-0.00111923	
0.000871578	-0.00370294	-0.00107258	
0.000867477	-0.00374093	-0.00111763	
0.000860286	-0.00370478	-0.0010311	
0.000895115	-0.00377874	-0.00105618	
0.000879484	-0.00366548	-0.00107543	
0.000889231	-0.00379884	-0.0010172	
0.000839661	-0.00373861	-0.00105874	
0.000862009	-0.00366018	-0.00100204	
0.000859394	-0.00370198	-0.00104126	
0.000838829	-0.0037414	-0.00105624	
0.000826466	-0.00372672	-0.00100448	
0.000881326	-0.00375223	-0.00101018	
0.000828546	-0.00377036	-0.00100793	
0.000895888	-0.00373861	-0.000995269	
0.000851251	-0.00376792	-0.00100317	
0.000864624	-0.00379825	-0.00104887	
0.000936602	-0.00371144	-0.00103609	
0.000903971	-0.00379058	-0.00108809	
0.000870033	-0.00373142	-0.00101423	
0.00089143	-0.00375877	-0.00105903	
0.000871638	-0.00380336	-0.00100293	
0.000828071	-0.0037684	-0.00103122	
0.000893748	-0.00371768	-0.00103633	
0.000895175	-0.00373915	-0.00102861	
0.000847744	-0.00373897	-0.000992892	
0.00086611	-0.00367921	-0.00103609	
0.000873778	-0.0037901	-0.00104138	
0.000916037	-0.00380847	-0.00104935	
0.000860464	-0.00372648	-0.00102569	
0.00082712	-0.00374527	-0.00105838	
0.000871816	-0.00374396	-0.00109314	
0.00087568	-0.00377726	-0.00105719	
0.000853213	-0.00375139	-0.00105992	
0.000922575	-0.00372624	-0.000994496	
0.000901653	-0.00375544	-0.00102308	
0.000847744	-0.00374872	-0.00104263	
0.000880078	-0.00372095	-0.00102825	
0.00089149	-0.00381252	-0.00105285	
0.000892144	-0.00370567	-0.00100965	
0.000817075	-0.00376947	-0.00106949	
0.000801622	-0.00381858	-0.00111335	
0.000933749	-0.00374658	-0.00102421	
0.000875382	-0.00376757	-0.00104531	
0.00092525	-0.00371459	-0.00100626	
0.000894699	-0.00373599	-0.0010765	
0.0008229	-0.0037571	-0.00101137	
0.000850716	-0.00375978	-0.00101244	
0.00089036	-0.00371833	-0.00102546	
0.000878473	-0.00378665	-0.00108144	
0.000915799	-0.0037508	-0.00105018	
0.000794905	-0.00376554	-0.00104673	
0.000801324	-0.00372678	-0.00109623	
0.000857433	-0.00378124	-0.00105309	
0.000837581	-0.00371275	-0.00104715	
0.000854817	-0.00374194	-0.00108393	
0.000857611	-0.00374432	-0.00101268	
0.000869439	-0.00374878	-0.000989683	
0.000766197	-0.00372963	-0.00105267	
0.000905338	-0.0037527	-0.00105131	
0.000909975	-0.003737	-0.00102878	
0.000850122	-0.00372916	-0.00106468	
0.000779808	-0.00374485	-0.00106914	
0.000871281	-0.00375704	-0.00106919	
0.00084085	-0.00375633	-0.00111329	
0.000875798	-0.00376887	-0.00109671	
0.000910985	-0.0037049	-0.00107122	
0.00086504	-0.00371132	-0.00108245	
0.000850954	-0.00370733	-0.00103253	
0.000894105	-0.00375407	-0.00106159	
0.000831578	-0.00371453	-0.0010661	
0.000820404	-0.00366946	-0.00102136	
0.000913362	-0.00373427	-0.00101316	
0.00081024	-0.00366673	-0.00103811	
0.000834847	-0.0036958	-0.00107526	
0.000901237	-0.00368974	-0.00108536	
0.000822365	-0.00369592	-0.00101054	
0.00088828	-0.00378344	-0.00104917	
0.000843049	-0.00369907	-0.00104263	
0.000798947	-0.0037684	-0.00101161	
0.000771725	-0.00370983	-0.0010456	
0.00086189	-0.00371631	-0.00106688	
0.000910093	-0.00374289	-0.00103508	
0.000905041	-0.00365995	-0.0010172	
0.000804593	-0.00375443	-0.00106337	
0.000805069	-0.00370811	-0.00107413	
0.000818026	-0.00368308	-0.00108251	
0.000865813	-0.00370151	-0.0010831	
0.000834668	-0.00369931	-0.0010333	
0.000853569	-0.00369996	-0.00104667	
0.000877225	-0.0036782	-0.00104394	
0.000870033	-0.00381709	-0.00107948	
0.000848339	-0.00376632	-0.0011083	
0.00083027	-0.00371625	-0.00107573	
0.00085137	-0.00372904	-0.00102516	
0.000861593	-0.00369015	-0.0010232	
0.000838116	-0.00366393	-0.00100733	
0.000888399	-0.00379938	-0.00103134	
0.00089565	-0.00372095	-0.00103253	
0.000801978	-0.00372957	-0.00106908	
0.000841622	-0.00378059	-0.00108304	
0.000822187	-0.00372488	-0.00106759	
0.000869617	-0.00374129	-0.00103829	
0.000841444	-0.00374569	-0.000985166	
0.000836689	-0.00376388	-0.00106147	
0.000845783	-0.0036939	-0.0010916	
0.000853034	-0.00372279	-0.00109029	
0.000901118	-0.00372333	-0.00108518	
0.000843287	-0.00372178	-0.00108251	
0.000822306	-0.00370519	-0.00108732	
0.000844297	-0.00367237	-0.00103788	
0.000869676	-0.00380306	-0.00104257	
0.000892322	-0.00373249	-0.0010853	
0.000885071	-0.00368724		
0.000876868	-0.00372648		
0.000928638	-0.00377268		
0.000862069	-0.00365168		
0.000862544	-0.0037379		
0.000851251	-0.00380247		
0.00086825	-0.003753		
0.000838472	-0.00374045		
0.000838532	-0.00373992		
V_0	V_1	V_2	
0.000853688	-0.00371649	-0.00102201	
0.000856957	-0.00377155	-0.00102581	
0.00084394	-0.00373819	-0.0010103	
0.00090522	-0.00375889	-0.0010897	
0.000909499	-0.00370793	-0.00102023	
0.000901	-0.00371191	-0.00101268	
0.000870509	-0.00367065	-0.000974767	
0.000905576	-0.00372315	-0.00102249	
0.000939633	-0.00381382	-0.000955097	
0.000898206	-0.00373094	-0.00100525	
0.000893035	-0.00374771	-0.00101773	
0.000872054	-0.00376697	-0.00101833	
0.000914016	-0.0037467	-0.00103401	
0.000974523	-0.00371887	-0.00104192	
0.000897552	-0.00378172	-0.00105291	
0.000893986	-0.00373641	-0.00100062	
0.000899335	-0.00373445	-0.000965912	
0.000863733	-0.00376852	-0.00100383	
0.000925963	-0.00374354	-0.00103205	
0.000931312	-0.00369503	-0.00100454	
0.000908191	-0.00371548	-0.0010213	
0.00086932	-0.00374919	-0.000976906	
0.000832647	-0.00376531	-0.00107627	
0.000814995	-0.00373498	-0.00108589	
0.000897671	-0.00375496	-0.00105416	
0.000950986	-0.00367279	-0.00107538	
0.000878414	-0.00373243	-0.00100109	
0.000863911	-0.00369687	-0.00105107	
0.000824207	-0.00370906	-0.0010443	
0.000882039	-0.00379117	-0.00102474	
0.000829854	-0.00372386	-0.00105131	
0.000866586	-0.0036518	-0.00105184	
0.000891133	-0.00372767	-0.00106557	
0.000919009	-0.00372571	-0.00102581	
0.000909856	-0.00371822	-0.00103229	
0.000871222	-0.00372589	-0.00109392	
0.0008588	-0.00380271	-0.00107484	
0.000869736	-0.00373599	-0.00109516	
0.000957345	-0.00371061	-0.00103348	
0.000865813	-0.00373706	-0.00107591	
0.000877938	-0.00373605	-0.00106129	
0.000869795	-0.0037043	-0.00106402	
0.000849587	-0.00371667	-0.00105345	
0.000888042	-0.00367963	-0.00107579	
0.000931788	-0.00375996	-0.0011395	
0.000932085	-0.0038052	-0.00109505	
0.000942249	-0.00378142	-0.00107234	
0.0008777	-0.00373183	-0.00108257	
0.000873362	-0.00371619	-0.00099307	
0.000900465	-0.00376091	-0.00105107	
0.000922159	-0.00366732	-0.00102439	
0.000984746	-0.00373617	-0.00100805	
0.000942367	-0.0037461	-0.00104667	
0.000899038	-0.00377274	-0.00106456	
0.000931134	-0.00376858	-0.00103776	
0.000913541	-0.0037524	-0.00107894	
0.000854461	-0.00371352	-0.00105511	
0.000882039	-0.00373802	-0.000997646	
0.000888577	-0.00374408	-0.00104626	
0.000913897	-0.00373302	-0.00109178	
0.000897731	-0.00374783	-0.00107591	
0.000844654	-0.0037307	-0.00106539	
0.000884536	-0.00380937	-0.00110277	
0.00082712	-0.00368991	-0.00108726	
0.000848339	-0.00374111	-0.00105565	
0.000926557	-0.00375764	-0.00106004	
0.000846377	-0.00378748	-0.00103158	
0.000862425	-0.00372559	-0.00102195	
0.000845367	-0.00371328	-0.00106361	
0.000819571	-0.00372214	-0.00101185	
0.000893451	-0.00372529	-0.00103669	
0.000840612	-0.00374152	-0.00105357	
0.000855709	-0.00378255	-0.00110325	
0.000831043	-0.00371411	-0.00111555	
0.000869974	-0.00372636	-0.00105398	
0.000890895	-0.00370186	-0.00106943	
0.000887805	-0.00375056	-0.00103728	
0.000901237	-0.00370793	-0.0010894	
0.0009347	-0.0036826	-0.00103663	
0.00093785	-0.00373623	-0.00102641	
0.000866883	-0.00376424	-0.00103609	
0.000843643	-0.00375496	-0.00104566	
0.000851786	-0.00374069	-0.00104649	
0.000887686	-0.00378552	-0.00108482	
0.000911044	-0.00375246	-0.00107686	
0.000919663	-0.0037546	-0.00108625	
0.000950213	-0.00375686	-0.00111121	
0.000902426	-0.00375252	-0.00104887	
0.000856184	-0.00378421	-0.00110176	
0.000926736	-0.00373897	-0.00106616	
0.000848458	-0.00375157	-0.00107074	
0.000824802	-0.00368141	-0.00108869	
0.0008566	-0.00372541	-0.00105642	
0.000798709	-0.00371851	-0.00101286	
0.000843049	-0.00375336	-0.0010664	
0.000810775	-0.00368462	-0.00107496	
0.000830983	-0.00376251	-0.0010601	
0.000843406	-0.00373225	-0.0010645	
0.000872351	-0.0037131	-0.0010853	
0.000864327	-0.00371203	-0.00107246	
0.000862306	-0.00372333	-0.00103603	
0.000851073	-0.00362944	-0.00110331	
0.000874491	-0.00376667	-0.00107003	
0.000844713	-0.00369164	-0.00107062	
0.000856482	-0.00370305	-0.00111157	
0.000894818	-0.00374182	-0.00109077	
0.000872232	-0.00371917	-0.00106159	
0.000863733	-0.0037244	-0.00111602	
0.000841087	-0.00372767	-0.00107829	
0.00088721	-0.00377565	-0.00102962	
0.000837402	-0.0037392	-0.00106521	
0.000826882	-0.0037175	-0.00111567	
0.000828962	-0.00370085	-0.00106391	
0.000847744	-0.00372511	-0.00106545	
0.000871876	-0.00374123	-0.00103669	
0.000915443	-0.00373962	-0.00106581	
0.000913719	-0.00376198	-0.00107555	
0.000926736	-0.00372065	-0.000969062	
0.000895947	-0.00368022	-0.00105368	
0.000885249	-0.00368492	-0.00109701	
0.000911163	-0.00365804	-0.0010352	
0.00085452	-0.0037533	-0.000975717	
0.000921743	-0.00373011	-0.00106664	
0.000869023	-0.00369306	-0.000992951	
0.000875323	-0.00377964	-0.0010172	
0.000797699	-0.00378207	-0.00101684	
0.00085452	-0.0037159	-0.00111228	
0.000887805	-0.00376293	-0.00110134	
0.000863317	-0.00377946	-0.00109112	
0.000889409	-0.00369532	-0.00105582	
0.000932263	-0.00372309	-0.00101381	
0.000819809	-0.00374919	-0.00105291	
0.000820166	-0.00371619	-0.00105778	
0.000824802	-0.00374842	-0.000981363	
0.00091681	-0.00373463	-0.00102367	
0.000887329	-0.00372297	-0.00106682	
0.00092525	-0.0037505	-0.00104566	
0.000891609	-0.00380062	-0.00101815	
0.00087354	-0.00368159	-0.00106331	
0.000934462	-0.0037533	-0.00105333	
0.000887924	-0.00380271	-0.00105814	
0.000881267	-0.00369188	-0.00105071	
0.000835084	-0.00370365	-0.00107223	
0.000796867	-0.0037593	-0.00105743	
0.000884298	-0.00376352	-0.00106325	
0.000820463	-0.00374182	-0.00110687	
0.000912827	-0.00368777	-0.00105927	
0.000876155	-0.00373344	-0.00110461	
0.000861415	-0.00371388	-0.00107145	
0.000870865	-0.00377096	-0.00109148	
0.000896066	-0.00372589	-0.00102926	
0.000878889	-0.00374682	-0.00107341	
0.000894878	-0.00377672	-0.00111537	
0.000908073	-0.0037263	-0.00107823	
0.000827714	-0.0037376	-0.00108827	
0.000889766	-0.00372523	-0.00112	
0.000963586	-0.00372577	-0.00109814	
0.000911698	-0.00376311	-0.00109077	
0.000862485	-0.00376418	-0.0010462	
0.000852321	-0.00368242	-0.00108892	
0.000899454	-0.00373915	-0.00109617	
0.000881326	-0.00373492	-0.00111715	
0.00083978	-0.00370864	-0.0011055	
0.000881326	-0.00372071	-0.00111513	
0.00086403	-0.00371524	-0.00108684	
0.000927389	-0.00373879	-0.00108566	
0.000928638	-0.0036958	-0.0011332	
0.000898206	-0.00383125	-0.00107722	
0.000815767	-0.00382084	-0.00111483	
0.000889826	-0.0036766	-0.00108548	
0.000836511	-0.00369235	-0.00110022	
0.000835382	-0.0036917	-0.00114282	
0.000855412	-0.00370739	-0.00109998	
0.000930361	-0.00369598	-0.00106224	
0.000901356	-0.00374236	-0.00106367	
0.000883406	-0.00374491	-0.00113028	
0.00083556	-0.00370121	-0.00106569	
0.000917642	-0.00376007	-0.00104911	
0.000908489	-0.00373314	-0.00105695	
0.0009284	-0.00371423	-0.00109219	
0.00087455	-0.00373011	-0.00111198	
0.000864149	-0.00366536	-0.00108673	
0.000910093	-0.00373023	-0.00107419	
0.000865873	-0.00368492	-0.00111365	
0.00090522	-0.00371227	-0.00110533	
0.000851964	-0.00369764	-0.0010478	
0.000819571	-0.00374753	-0.00109499	
0.000849527	-0.00365489	-0.00110277	
0.000841622	-0.00369717	-0.00108554	
0.000846496	-0.00370728	-0.00106325	
0.000794727	-0.00361297	-0.00108512	
0.000898028	-0.00366238	-0.0011408	
0.000895353	-0.00378713		
0.000909856	-0.00377161		
0.000943318	-0.00376745		
0.000908489	-0.0036634		
0.000816065	-0.00370609		
0.000866942	-0.00369431		
0.000813449	-0.00372648		
0.000810596	-0.00377399		
